../Instances/CVRP/X-n289-k60.vrp;3;100770;0.011162
../Instances/CVRP/X-n289-k60.vrp;3;97695;0.016751
../Instances/CVRP/X-n289-k60.vrp;3;97621;0.050709
../Instances/CVRP/X-n289-k60.vrp;3;97605;0.222309
../Instances/CVRP/X-n289-k60.vrp;3;97546;0.337705
../Instances/CVRP/X-n289-k60.vrp;3;97503;0.343564
../Instances/CVRP/X-n289-k60.vrp;3;97473;0.347584
../Instances/CVRP/X-n289-k60.vrp;3;97427;0.352548
../Instances/CVRP/X-n289-k60.vrp;3;97391;0.352954
../Instances/CVRP/X-n289-k60.vrp;3;97386;0.35714
../Instances/CVRP/X-n289-k60.vrp;3;97183;0.364431
../Instances/CVRP/X-n289-k60.vrp;3;97163;0.399748
../Instances/CVRP/X-n289-k60.vrp;3;96831;0.409807
../Instances/CVRP/X-n289-k60.vrp;3;96612;0.420583
../Instances/CVRP/X-n289-k60.vrp;3;96408;0.502247
../Instances/CVRP/X-n289-k60.vrp;3;96241;0.505746
../Instances/CVRP/X-n289-k60.vrp;3;96132;0.564715
../Instances/CVRP/X-n289-k60.vrp;3;96054;0.808106
../Instances/CVRP/X-n289-k60.vrp;3;96036;1.03422
../Instances/CVRP/X-n289-k60.vrp;3;95996;1.0838
../Instances/CVRP/X-n289-k60.vrp;3;95969;1.47633
../Instances/CVRP/X-n289-k60.vrp;3;95913;1.49003
../Instances/CVRP/X-n289-k60.vrp;3;95909;1.64925
../Instances/CVRP/X-n289-k60.vrp;3;95816;1.94798
../Instances/CVRP/X-n289-k60.vrp;3;95779;2.61067
../Instances/CVRP/X-n289-k60.vrp;3;95753;2.66243
../Instances/CVRP/X-n289-k60.vrp;3;95748;2.67249
../Instances/CVRP/X-n289-k60.vrp;3;95734;2.73896
../Instances/CVRP/X-n289-k60.vrp;3;95673;2.74136
../Instances/CVRP/X-n289-k60.vrp;3;95659;2.78821
../Instances/CVRP/X-n289-k60.vrp;3;95656;3.09017
../Instances/CVRP/X-n289-k60.vrp;3;95646;3.09446
../Instances/CVRP/X-n289-k60.vrp;3;95627;3.13571
../Instances/CVRP/X-n289-k60.vrp;3;95624;3.52808
../Instances/CVRP/X-n289-k60.vrp;3;95602;3.6615
../Instances/CVRP/X-n289-k60.vrp;3;95597;3.73267
../Instances/CVRP/X-n289-k60.vrp;3;95564;3.73405
../Instances/CVRP/X-n289-k60.vrp;3;95547;3.96536
../Instances/CVRP/X-n289-k60.vrp;3;95517;4.01442
../Instances/CVRP/X-n289-k60.vrp;3;95515;4.16418
../Instances/CVRP/X-n289-k60.vrp;3;95508;4.16878
../Instances/CVRP/X-n289-k60.vrp;3;95493;4.25902
../Instances/CVRP/X-n289-k60.vrp;3;95455;4.56412
../Instances/CVRP/X-n289-k60.vrp;3;95448;4.84721
../Instances/CVRP/X-n289-k60.vrp;3;95447;5.00664
../Instances/CVRP/X-n289-k60.vrp;3;95441;5.0245
../Instances/CVRP/X-n289-k60.vrp;3;95435;5.12082
../Instances/CVRP/X-n289-k60.vrp;3;95433;5.42361
../Instances/CVRP/X-n289-k60.vrp;3;95412;5.79254
../Instances/CVRP/X-n289-k60.vrp;3;95411;6.18707
../Instances/CVRP/X-n289-k60.vrp;3;95397;6.40352
../Instances/CVRP/X-n289-k60.vrp;3;95392;8.24386
../Instances/CVRP/X-n289-k60.vrp;3;95383;8.33145
../Instances/CVRP/X-n289-k60.vrp;3;95359;8.3971
../Instances/CVRP/X-n289-k60.vrp;3;95358;8.72412
../Instances/CVRP/X-n289-k60.vrp;3;95357;9.35887
../Instances/CVRP/X-n289-k60.vrp;3;95356;9.36127
../Instances/CVRP/X-n289-k60.vrp;3;95347;11.4591
../Instances/CVRP/X-n289-k60.vrp;3;95345;16.6985
../Instances/CVRP/X-n289-k60.vrp;3;95344;17.0599
../Instances/CVRP/X-n289-k60.vrp;3;95328;17.2455
../Instances/CVRP/X-n289-k60.vrp;3;95317;19.5752
../Instances/CVRP/X-n289-k60.vrp;3;95309;22.7245
../Instances/CVRP/X-n289-k60.vrp;3;95293;23.2711
../Instances/CVRP/X-n289-k60.vrp;3;95287;23.8964
