../Instances/ECVRP/X-n920-k207-s4.evrp;3;342455;0.054708
../Instances/ECVRP/X-n920-k207-s4.evrp;3;341138;0.078828
../Instances/ECVRP/X-n920-k207-s4.evrp;3;340471;0.12931
../Instances/ECVRP/X-n920-k207-s4.evrp;3;340453;0.566276
../Instances/ECVRP/X-n920-k207-s4.evrp;3;340164;1.66643
../Instances/ECVRP/X-n920-k207-s4.evrp;3;339684;1.71973
../Instances/ECVRP/X-n920-k207-s4.evrp;3;339292;1.93849
../Instances/ECVRP/X-n920-k207-s4.evrp;3;338782;2.20316
../Instances/ECVRP/X-n920-k207-s4.evrp;3;338689;2.63677
../Instances/ECVRP/X-n920-k207-s4.evrp;3;338580;2.64044
../Instances/ECVRP/X-n920-k207-s4.evrp;3;338546;2.65689
../Instances/ECVRP/X-n920-k207-s4.evrp;3;338141;2.73146
../Instances/ECVRP/X-n920-k207-s4.evrp;3;338133;3.69338
../Instances/ECVRP/X-n920-k207-s4.evrp;3;338089;4.30915
../Instances/ECVRP/X-n920-k207-s4.evrp;3;337998;4.41999
../Instances/ECVRP/X-n920-k207-s4.evrp;3;337964;4.44734
../Instances/ECVRP/X-n920-k207-s4.evrp;3;337935;4.7208
../Instances/ECVRP/X-n920-k207-s4.evrp;3;337887;5.11241
../Instances/ECVRP/X-n920-k207-s4.evrp;3;337181;5.23882
../Instances/ECVRP/X-n920-k207-s4.evrp;3;337117;6.80756
../Instances/ECVRP/X-n920-k207-s4.evrp;3;336857;8.74973
../Instances/ECVRP/X-n920-k207-s4.evrp;3;336837;9.10471
../Instances/ECVRP/X-n920-k207-s4.evrp;3;336683;12.8753
../Instances/ECVRP/X-n920-k207-s4.evrp;3;336591;14.4551
../Instances/ECVRP/X-n920-k207-s4.evrp;3;336319;33.3292
../Instances/ECVRP/X-n920-k207-s4.evrp;3;336181;34.9262
../Instances/ECVRP/X-n920-k207-s4.evrp;3;335773;46.2324
../Instances/ECVRP/X-n920-k207-s4.evrp;3;335461;59.1527
../Instances/ECVRP/X-n920-k207-s4.evrp;3;335427;66.2856
../Instances/ECVRP/X-n920-k207-s4.evrp;3;335417;67.1616
../Instances/ECVRP/X-n920-k207-s4.evrp;3;335287;70.6981
../Instances/ECVRP/X-n920-k207-s4.evrp;3;334985;79.4192
../Instances/ECVRP/X-n920-k207-s4.evrp;3;334881;100.155
../Instances/ECVRP/X-n920-k207-s4.evrp;3;334860;100.787
../Instances/ECVRP/X-n920-k207-s4.evrp;3;334668;114.242
../Instances/ECVRP/X-n920-k207-s4.evrp;3;334660;132.231
../Instances/ECVRP/X-n920-k207-s4.evrp;3;334590;140.266
../Instances/ECVRP/X-n920-k207-s4.evrp;3;334583;161.139
../Instances/ECVRP/X-n920-k207-s4.evrp;3;334569;168.819
../Instances/ECVRP/X-n920-k207-s4.evrp;3;334544;170.508
../Instances/ECVRP/X-n920-k207-s4.evrp;3;334536;177.499
../Instances/ECVRP/X-n920-k207-s4.evrp;3;334520;183.859
../Instances/ECVRP/X-n920-k207-s4.evrp;3;334427;186.629
../Instances/ECVRP/X-n920-k207-s4.evrp;3;334311;189.986
../Instances/ECVRP/X-n920-k207-s4.evrp;3;334235;207.565
../Instances/ECVRP/X-n920-k207-s4.evrp;3;334142;226.087
../Instances/ECVRP/X-n920-k207-s4.evrp;3;334128;240.688
../Instances/ECVRP/X-n920-k207-s4.evrp;3;334066;250.836
../Instances/ECVRP/X-n920-k207-s4.evrp;3;334064;253.654
../Instances/ECVRP/X-n920-k207-s4.evrp;3;334035;270.862
../Instances/ECVRP/X-n920-k207-s4.evrp;3;334029;285.294
../Instances/ECVRP/X-n920-k207-s4.evrp;3;333993;289.688
../Instances/ECVRP/X-n920-k207-s4.evrp;3;333966;294.371
../Instances/ECVRP/X-n920-k207-s4.evrp;3;333920;298.7
../Instances/ECVRP/X-n920-k207-s4.evrp;3;333916;301.995
../Instances/ECVRP/X-n920-k207-s4.evrp;3;333858;316.29
../Instances/ECVRP/X-n920-k207-s4.evrp;3;333796;334.449
../Instances/ECVRP/X-n920-k207-s4.evrp;3;333773;356.783
../Instances/ECVRP/X-n920-k207-s4.evrp;3;333747;362.151
../Instances/ECVRP/X-n920-k207-s4.evrp;3;333694;369.374
../Instances/ECVRP/X-n920-k207-s4.evrp;3;333655;406.407
../Instances/ECVRP/X-n920-k207-s4.evrp;3;333648;445.372
../Instances/ECVRP/X-n920-k207-s4.evrp;3;333645;447.577
../Instances/ECVRP/X-n920-k207-s4.evrp;3;333626;470.987
../Instances/ECVRP/X-n920-k207-s4.evrp;3;333613;475.166
../Instances/ECVRP/X-n920-k207-s4.evrp;3;333602;477.893
../Instances/ECVRP/X-n920-k207-s4.evrp;3;333455;490.275
../Instances/ECVRP/X-n920-k207-s4.evrp;3;333448;508.392
../Instances/ECVRP/X-n920-k207-s4.evrp;3;333444;511.242
../Instances/ECVRP/X-n920-k207-s4.evrp;3;333413;511.251
../Instances/ECVRP/X-n920-k207-s4.evrp;3;333363;511.295
../Instances/ECVRP/X-n920-k207-s4.evrp;3;333355;521.059
../Instances/ECVRP/X-n920-k207-s4.evrp;3;333259;521.635
../Instances/ECVRP/X-n920-k207-s4.evrp;3;333242;525.269
../Instances/ECVRP/X-n920-k207-s4.evrp;3;333199;526.982
../Instances/ECVRP/X-n920-k207-s4.evrp;3;333166;534.742
../Instances/ECVRP/X-n920-k207-s4.evrp;3;333141;549.57
../Instances/ECVRP/X-n920-k207-s4.evrp;3;333128;552.473
../Instances/ECVRP/X-n920-k207-s4.evrp;3;333117;557.983
../Instances/ECVRP/X-n920-k207-s4.evrp;3;333109;565.569
../Instances/ECVRP/X-n920-k207-s4.evrp;3;333068;568.587
../Instances/ECVRP/X-n920-k207-s4.evrp;3;333064;578.224
../Instances/ECVRP/X-n920-k207-s4.evrp;3;333016;584.174
../Instances/ECVRP/X-n920-k207-s4.evrp;3;333009;593.359
../Instances/ECVRP/X-n920-k207-s4.evrp;3;333000;594.208
../Instances/ECVRP/X-n920-k207-s4.evrp;3;332943;596.516
../Instances/ECVRP/X-n920-k207-s4.evrp;3;332936;601.913
../Instances/ECVRP/X-n920-k207-s4.evrp;3;332898;602.155
../Instances/ECVRP/X-n920-k207-s4.evrp;3;332878;604.22
../Instances/ECVRP/X-n920-k207-s4.evrp;3;332866;604.361
../Instances/ECVRP/X-n920-k207-s4.evrp;3;332863;607.555
../Instances/ECVRP/X-n920-k207-s4.evrp;3;332845;607.661
../Instances/ECVRP/X-n920-k207-s4.evrp;3;332841;608.77
../Instances/ECVRP/X-n920-k207-s4.evrp;3;332801;608.806
../Instances/ECVRP/X-n920-k207-s4.evrp;3;332800;616.011
../Instances/ECVRP/X-n920-k207-s4.evrp;3;332796;616.67
../Instances/ECVRP/X-n920-k207-s4.evrp;3;332787;617.776
../Instances/ECVRP/X-n920-k207-s4.evrp;3;332752;617.827
../Instances/ECVRP/X-n920-k207-s4.evrp;3;332706;619.958
../Instances/ECVRP/X-n920-k207-s4.evrp;3;332702;625.703
../Instances/ECVRP/X-n920-k207-s4.evrp;3;332673;627.173
../Instances/ECVRP/X-n920-k207-s4.evrp;3;332665;630.564
../Instances/ECVRP/X-n920-k207-s4.evrp;3;332662;631.669
../Instances/ECVRP/X-n920-k207-s4.evrp;3;332654;634.814
../Instances/ECVRP/X-n920-k207-s4.evrp;3;332644;641.805
../Instances/ECVRP/X-n920-k207-s4.evrp;3;332640;643.403
../Instances/ECVRP/X-n920-k207-s4.evrp;3;332628;653.269
../Instances/ECVRP/X-n920-k207-s4.evrp;3;332591;654.616
../Instances/ECVRP/X-n920-k207-s4.evrp;3;332577;662.316
../Instances/ECVRP/X-n920-k207-s4.evrp;3;332575;668.177
../Instances/ECVRP/X-n920-k207-s4.evrp;3;332562;669.003
../Instances/ECVRP/X-n920-k207-s4.evrp;3;332560;674.641
../Instances/ECVRP/X-n920-k207-s4.evrp;3;332553;678.584
../Instances/ECVRP/X-n920-k207-s4.evrp;3;332552;683.731
../Instances/ECVRP/X-n920-k207-s4.evrp;3;332542;683.944
../Instances/ECVRP/X-n920-k207-s4.evrp;3;332535;689.077
../Instances/ECVRP/X-n920-k207-s4.evrp;3;332534;689.396
../Instances/ECVRP/X-n920-k207-s4.evrp;3;332531;691.298
../Instances/ECVRP/X-n920-k207-s4.evrp;3;332524;692.247
../Instances/ECVRP/X-n920-k207-s4.evrp;3;332502;694.458
../Instances/ECVRP/X-n920-k207-s4.evrp;3;332499;701.372
../Instances/ECVRP/X-n920-k207-s4.evrp;3;332496;701.69
../Instances/ECVRP/X-n920-k207-s4.evrp;3;332495;702.231
../Instances/ECVRP/X-n920-k207-s4.evrp;3;332491;707.985
../Instances/ECVRP/X-n920-k207-s4.evrp;3;332490;711.963
../Instances/ECVRP/X-n920-k207-s4.evrp;3;332486;712.464
../Instances/ECVRP/X-n920-k207-s4.evrp;3;332480;712.664
../Instances/ECVRP/X-n920-k207-s4.evrp;3;332476;712.759
../Instances/ECVRP/X-n920-k207-s4.evrp;3;332470;716.798
../Instances/ECVRP/X-n920-k207-s4.evrp;3;332463;717.809
../Instances/ECVRP/X-n920-k207-s4.evrp;3;332452;718.652
../Instances/ECVRP/X-n920-k207-s4.evrp;3;332450;722.446
../Instances/ECVRP/X-n920-k207-s4.evrp;3;332448;723.142
../Instances/ECVRP/X-n920-k207-s4.evrp;3;332443;723.951
../Instances/ECVRP/X-n920-k207-s4.evrp;3;332442;724.646
../Instances/ECVRP/X-n920-k207-s4.evrp;3;332400;724.75
../Instances/ECVRP/X-n920-k207-s4.evrp;3;332388;725.095
../Instances/ECVRP/X-n920-k207-s4.evrp;3;332378;730.494
../Instances/ECVRP/X-n920-k207-s4.evrp;3;332370;734.399
../Instances/ECVRP/X-n920-k207-s4.evrp;3;332362;740.023
../Instances/ECVRP/X-n920-k207-s4.evrp;3;332360;742.482
../Instances/ECVRP/X-n920-k207-s4.evrp;3;332351;744.478
../Instances/ECVRP/X-n920-k207-s4.evrp;3;332350;749.649
../Instances/ECVRP/X-n920-k207-s4.evrp;3;332343;754.551
../Instances/ECVRP/X-n920-k207-s4.evrp;3;332332;756.107
../Instances/ECVRP/X-n920-k207-s4.evrp;3;332323;759.505
../Instances/ECVRP/X-n920-k207-s4.evrp;3;332311;761.629
../Instances/ECVRP/X-n920-k207-s4.evrp;3;332309;765.218
../Instances/ECVRP/X-n920-k207-s4.evrp;3;332303;776.007
../Instances/ECVRP/X-n920-k207-s4.evrp;3;332302;776.517
../Instances/ECVRP/X-n920-k207-s4.evrp;3;332284;777.474
../Instances/ECVRP/X-n920-k207-s4.evrp;3;332278;784.566
../Instances/ECVRP/X-n920-k207-s4.evrp;3;332276;787.273
../Instances/ECVRP/X-n920-k207-s4.evrp;3;332273;790.681
../Instances/ECVRP/X-n920-k207-s4.evrp;3;332262;793.477
../Instances/ECVRP/X-n920-k207-s4.evrp;3;332254;801.575
../Instances/ECVRP/X-n920-k207-s4.evrp;3;332249;801.809
../Instances/ECVRP/X-n920-k207-s4.evrp;3;332248;806.329
../Instances/ECVRP/X-n920-k207-s4.evrp;3;332224;807.408
../Instances/ECVRP/X-n920-k207-s4.evrp;3;332216;808.135
../Instances/ECVRP/X-n920-k207-s4.evrp;3;332210;818.957
../Instances/ECVRP/X-n920-k207-s4.evrp;3;332209;819.969
../Instances/ECVRP/X-n920-k207-s4.evrp;3;332202;821.161
../Instances/ECVRP/X-n920-k207-s4.evrp;3;332195;824.459
../Instances/ECVRP/X-n920-k207-s4.evrp;3;332194;832.174
../Instances/ECVRP/X-n920-k207-s4.evrp;3;332193;832.183
../Instances/ECVRP/X-n920-k207-s4.evrp;3;332190;837.076
../Instances/ECVRP/X-n920-k207-s4.evrp;3;332186;870.434
../Instances/ECVRP/X-n920-k207-s4.evrp;3;332185;871.188
../Instances/ECVRP/X-n920-k207-s4.evrp;3;332184;888.672
../Instances/ECVRP/X-n920-k207-s4.evrp;3;332183;888.885
../Instances/ECVRP/X-n920-k207-s4.evrp;3;332180;891.803
../Instances/ECVRP/X-n920-k207-s4.evrp;3;332178;892.781
../Instances/ECVRP/X-n920-k207-s4.evrp;3;332177;895.44
../Instances/ECVRP/X-n920-k207-s4.evrp;3;332169;903.36
../Instances/ECVRP/X-n920-k207-s4.evrp;3;332168;921.445
../Instances/ECVRP/X-n920-k207-s4.evrp;3;332167;930.368
../Instances/ECVRP/X-n920-k207-s4.evrp;3;332127;930.815
../Instances/ECVRP/X-n920-k207-s4.evrp;3;332116;937.163
../Instances/ECVRP/X-n920-k207-s4.evrp;3;332081;942.934
../Instances/ECVRP/X-n920-k207-s4.evrp;3;332070;952.898
../Instances/ECVRP/X-n920-k207-s4.evrp;3;332069;953.128
../Instances/ECVRP/X-n920-k207-s4.evrp;3;332068;953.504
../Instances/ECVRP/X-n920-k207-s4.evrp;3;332064;963.891
../Instances/ECVRP/X-n920-k207-s4.evrp;3;332063;965.704
../Instances/ECVRP/X-n920-k207-s4.evrp;3;332062;971.359
../Instances/ECVRP/X-n920-k207-s4.evrp;3;332061;981.697
../Instances/ECVRP/X-n920-k207-s4.evrp;3;332037;1015.96
../Instances/ECVRP/X-n920-k207-s4.evrp;3;332036;1016.91
../Instances/ECVRP/X-n920-k207-s4.evrp;3;332035;1054
../Instances/ECVRP/X-n920-k207-s4.evrp;3;332031;1064.71
../Instances/ECVRP/X-n920-k207-s4.evrp;3;332027;1092.7
../Instances/ECVRP/X-n920-k207-s4.evrp;3;332024;1104.09
../Instances/ECVRP/X-n920-k207-s4.evrp;3;332021;1127.07
../Instances/ECVRP/X-n920-k207-s4.evrp;3;332019;1143.13
../Instances/ECVRP/X-n920-k207-s4.evrp;3;332018;1157
../Instances/ECVRP/X-n920-k207-s4.evrp;3;332016;1160.76
../Instances/ECVRP/X-n920-k207-s4.evrp;3;332014;1163.19
../Instances/ECVRP/X-n920-k207-s4.evrp;3;332013;1166.67
../Instances/ECVRP/X-n920-k207-s4.evrp;3;332012;1171.47
../Instances/ECVRP/X-n920-k207-s4.evrp;3;332011;1187.68
../Instances/ECVRP/X-n920-k207-s4.evrp;3;332009;1231.37
