../Instances/ECVRP/X-n221-k11-s7.evrp;3;11883;0.008065
../Instances/ECVRP/X-n221-k11-s7.evrp;3;11832;0.172827
../Instances/ECVRP/X-n221-k11-s7.evrp;3;11781;0.276038
../Instances/ECVRP/X-n221-k11-s7.evrp;3;11617;0.601033
../Instances/ECVRP/X-n221-k11-s7.evrp;3;11588;0.790599
../Instances/ECVRP/X-n221-k11-s7.evrp;3;11436;0.869685
../Instances/ECVRP/X-n221-k11-s7.evrp;3;11405;2.17319
../Instances/ECVRP/X-n221-k11-s7.evrp;3;11321;3.63802
../Instances/ECVRP/X-n221-k11-s7.evrp;3;11294;4.6097
../Instances/ECVRP/X-n221-k11-s7.evrp;3;11269;5.25218
../Instances/ECVRP/X-n221-k11-s7.evrp;3;11181;5.65896
../Instances/ECVRP/X-n221-k11-s7.evrp;3;11167;7.4068
../Instances/ECVRP/X-n221-k11-s7.evrp;3;11152;7.66736
../Instances/ECVRP/X-n221-k11-s7.evrp;3;11120;9.60659
../Instances/ECVRP/X-n221-k11-s7.evrp;3;11097;10.788
../Instances/ECVRP/X-n221-k11-s7.evrp;3;11072;11.8823
../Instances/ECVRP/X-n221-k11-s7.evrp;3;11036;14.9894
../Instances/ECVRP/X-n221-k11-s7.evrp;3;11028;16.7616
../Instances/ECVRP/X-n221-k11-s7.evrp;3;11026;16.8002
../Instances/ECVRP/X-n221-k11-s7.evrp;3;11021;18.8307
../Instances/ECVRP/X-n221-k11-s7.evrp;3;11020;22.1492
../Instances/ECVRP/X-n221-k11-s7.evrp;3;10998;24.0232
../Instances/ECVRP/X-n221-k11-s7.evrp;3;10989;29.8537
../Instances/ECVRP/X-n221-k11-s7.evrp;3;10988;32.5546
../Instances/ECVRP/X-n221-k11-s7.evrp;3;10987;36.2752
../Instances/ECVRP/X-n221-k11-s7.evrp;3;10980;36.8677
../Instances/ECVRP/X-n221-k11-s7.evrp;3;10976;42.635
../Instances/ECVRP/X-n221-k11-s7.evrp;3;10973;57.152
../Instances/ECVRP/X-n221-k11-s7.evrp;3;10970;58.44
../Instances/ECVRP/X-n221-k11-s7.evrp;3;10969;66.3513
